version https://git-lfs.github.com/spec/v1
oid sha256:6aa7ac21d29ba9801997bd98437db0e8301b04586e52c41801ee53e49e7d3736
size 1490
