version https://git-lfs.github.com/spec/v1
oid sha256:b8f8d51ccb66e77888309fac693d9b7d54b42f51332db7af9e03c9f8807d362e
size 3451
