version https://git-lfs.github.com/spec/v1
oid sha256:01b1be481c11a61a2df0dd1aab2a4c438b74ebcbc5ffdff6e06ca5a708da04a5
size 6218
